0 0.580469 0.963021 0.015625 0.007292
0 0.424219 0.839583 0.012500 0.010417
0 0.475000 0.836458 0.037500 0.027083
0 0.731250 0.778646 0.021875 0.063542
0 0.625781 0.718750 0.014063 0.008333
0 0.646094 0.707292 0.023438 0.018750
0 0.779297 0.664062 0.011719 0.011458
0 0.831250 0.660937 0.012500 0.009375
0 0.962109 0.660937 0.021094 0.028125
0 0.710156 0.676042 0.132812 0.060417
0 0.792969 0.669271 0.032813 0.061458
0 0.801172 0.636458 0.011719 0.018750
0 0.500000 0.640625 0.007812 0.043750
0 0.644141 0.617708 0.003906 0.047917
0 0.500391 0.601562 0.005469 0.015625
0 0.818750 0.609375 0.021875 0.054167
0 0.501953 0.577604 0.014844 0.019792
0 0.495703 0.555729 0.008594 0.021875
0 0.870703 0.545833 0.021094 0.016667
0 0.852344 0.542188 0.012500 0.011458
0 0.894531 0.535417 0.023438 0.029167
0 0.893750 0.606771 0.087500 0.178125
0 0.885938 0.525000 0.012500 0.018750
0 0.661328 0.543750 0.032031 0.097917
0 0.969531 0.497917 0.026562 0.016667
0 0.898047 0.497917 0.010156 0.025000
0 0.921094 0.457813 0.007812 0.013542
0 0.964453 0.442708 0.011719 0.014583
0 0.823828 0.454688 0.272656 0.040625
0 0.994141 0.435937 0.011719 0.021875
0 0.315625 0.392708 0.012500 0.014583
0 0.991406 0.383333 0.017188 0.043750
0 0.518359 0.444271 0.058594 0.176042
0 0.567578 0.545312 0.128906 0.423958
0 0.317188 0.230729 0.028125 0.015625
0 0.117969 0.198437 0.014063 0.013542
0 0.099219 0.148958 0.018750 0.029167
0 0.119141 0.134375 0.010156 0.025000
0 0.122266 0.091146 0.011719 0.032292