0 0.586166 0.837500 0.009379 0.012500
0 0.584994 0.598437 0.018757 0.009375
0 0.624853 0.575391 0.049238 0.024219
0 0.638335 0.558984 0.008206 0.013281
0 0.648300 0.539844 0.007034 0.014063
0 0.782532 0.514453 0.015240 0.010156
0 0.675264 0.512891 0.018757 0.019531
0 0.216295 0.508984 0.015240 0.016406
0 0.688746 0.419531 0.045721 0.023438
0 0.692263 0.363672 0.045721 0.064844
0 0.662368 0.324609 0.014068 0.008594
0 0.713951 0.322266 0.014068 0.049219
0 0.700469 0.261719 0.008206 0.012500
0 0.703986 0.248047 0.012896 0.013281
0 0.701055 0.184766 0.009379 0.011719
0 0.674678 0.127734 0.017585 0.024219
0 0.631887 0.091797 0.051583 0.030469
0 0.586753 0.068359 0.029308 0.013281