0 0.104500 0.981600 0.047000 0.036800
0 0.137500 0.961600 0.051000 0.076800
0 0.069500 0.943200 0.019000 0.040000
0 0.191500 0.942400 0.027000 0.048000
0 0.436500 0.924000 0.009000 0.024000
0 0.114500 0.905600 0.017000 0.028800
0 0.045500 0.929600 0.091000 0.140800
0 0.867500 0.872000 0.013000 0.035200
0 0.829500 0.895200 0.047000 0.100800
0 0.197000 0.837600 0.010000 0.017600
0 0.017500 0.843200 0.017000 0.028800
0 0.966500 0.910400 0.067000 0.179200
0 0.074500 0.853600 0.065000 0.088000
0 0.887500 0.812800 0.019000 0.051200
0 0.859000 0.810400 0.038000 0.097600
0 0.496500 0.773600 0.013000 0.033600
0 0.996000 0.742400 0.008000 0.035200
0 0.502000 0.721600 0.022000 0.035200
0 0.229500 0.694400 0.013000 0.019200
0 0.782000 0.740800 0.026000 0.131200
0 0.201500 0.660000 0.041000 0.027200
0 0.613000 0.748000 0.100000 0.235200
0 0.383500 0.637600 0.013000 0.020800
0 0.227000 0.622400 0.020000 0.028800
0 0.204000 0.612800 0.016000 0.028800
0 0.755500 0.616800 0.019000 0.046400
0 0.507500 0.580000 0.013000 0.024000
0 0.403500 0.576000 0.015000 0.019200
0 0.220500 0.563200 0.015000 0.016000
0 0.390500 0.544800 0.013000 0.014400
0 0.603500 0.519200 0.025000 0.014400
0 0.561500 0.548800 0.067000 0.092800
0 0.500000 0.523200 0.016000 0.051200
0 0.728000 0.497600 0.006000 0.041600
0 0.173500 0.491200 0.021000 0.028800
0 0.239000 0.483200 0.030000 0.032000
0 0.223000 0.453600 0.018000 0.024000
0 0.099000 0.430400 0.104000 0.092800
0 0.247000 0.388800 0.014000 0.022400
0 0.661000 0.376800 0.012000 0.014400
0 0.665000 0.499200 0.090000 0.281600
0 0.154000 0.381600 0.008000 0.046400
0 0.612500 0.372800 0.019000 0.035200
0 0.949500 0.565600 0.101000 0.427200
0 0.023000 0.361600 0.046000 0.044800
0 0.029000 0.324000 0.010000 0.017600
0 0.464500 0.310400 0.013000 0.016000
0 0.163500 0.305600 0.011000 0.016000
0 0.660500 0.291200 0.011000 0.019200
0 0.542500 0.293600 0.011000 0.024000
0 0.570000 0.254400 0.036000 0.051200
0 0.466500 0.228000 0.049000 0.046400
0 0.204000 0.245600 0.076000 0.097600
0 0.981500 0.244800 0.031000 0.099200
0 0.602500 0.205600 0.023000 0.036800
0 0.957500 0.167200 0.007000 0.024000
0 0.030000 0.156000 0.028000 0.033600
0 0.060000 0.145600 0.016000 0.022400
0 0.635500 0.158400 0.041000 0.060800
0 0.212500 0.123200 0.025000 0.035200
0 0.216500 0.080000 0.019000 0.012800
0 0.943500 0.097600 0.021000 0.060800
0 0.683000 0.076800 0.070000 0.060800
0 0.506500 0.046400 0.033000 0.041600
0 0.934000 0.028800 0.028000 0.051200
0 0.903500 0.007200 0.025000 0.014400
0 0.802500 0.012800 0.037000 0.025600
0 0.335500 0.005600 0.019000 0.011200
0 0.276500 0.103200 0.101000 0.206400
0 0.186500 0.049600 0.059000 0.099200