0 0.364500 0.996800 0.037000 0.006400
0 0.607500 0.986400 0.023000 0.008000
0 0.353000 0.969600 0.036000 0.019200
0 0.322000 0.961600 0.020000 0.009600
0 0.911000 0.959200 0.010000 0.027200
0 0.441500 0.968000 0.037000 0.044800
0 0.393500 0.950400 0.015000 0.012800
0 0.612000 0.944000 0.016000 0.044800
0 0.161000 0.921600 0.014000 0.012800
0 0.614000 0.941600 0.060000 0.116800
0 0.902000 0.907200 0.024000 0.073600
0 0.876500 0.867200 0.039000 0.057600
0 0.897500 0.814400 0.019000 0.038400
0 0.097000 0.803200 0.010000 0.019200
0 0.821500 0.756800 0.023000 0.009600
0 0.069500 0.759200 0.011000 0.017600
0 0.572000 0.748800 0.012000 0.019200
0 0.634500 0.747200 0.019000 0.028800
0 0.892500 0.759200 0.057000 0.084800
0 0.032000 0.705600 0.064000 0.073600
0 0.164000 0.807200 0.328000 0.385600
0 0.922000 0.630400 0.050000 0.070400
0 0.927500 0.555200 0.021000 0.080000
0 0.646000 0.439200 0.020000 0.011200
0 0.029000 0.458400 0.050000 0.052800
0 0.919500 0.460000 0.035000 0.107200
0 0.223500 0.396800 0.017000 0.016000
0 0.053000 0.392000 0.010000 0.016000
0 0.013000 0.381600 0.026000 0.017600
0 0.954000 0.371200 0.020000 0.022400
0 0.923000 0.371200 0.030000 0.076800
0 0.945500 0.336000 0.011000 0.016000
0 0.920500 0.311200 0.017000 0.011200
0 0.477000 0.288000 0.024000 0.038400
0 0.961000 0.270400 0.018000 0.025600
0 0.924000 0.256000 0.048000 0.051200
0 0.877000 0.206400 0.014000 0.028800
0 0.988500 0.220800 0.023000 0.076800
0 0.910000 0.196000 0.028000 0.030400
0 0.728500 0.186400 0.015000 0.017600
0 0.748000 0.172800 0.024000 0.012800
0 0.951000 0.167200 0.014000 0.027200
0 0.842000 0.204000 0.044000 0.136000
0 0.512500 0.104800 0.029000 0.030400
0 0.040000 0.224800 0.080000 0.299200
0 0.889500 0.106400 0.059000 0.075200
0 0.447500 0.086400 0.023000 0.035200
0 0.483000 0.072000 0.026000 0.035200
0 0.506000 0.065600 0.008000 0.025600
0 0.967000 0.056800 0.052000 0.059200
0 0.994000 0.029600 0.012000 0.043200
0 0.472000 0.468000 0.676000 0.936000
0 0.197000 0.043200 0.070000 0.086400