0 0.499609 0.995897 0.011719 0.008206
0 0.956250 0.960727 0.012500 0.015240
0 0.352344 0.793669 0.007812 0.011723
0 0.516797 0.679953 0.019531 0.011723
0 0.564844 0.506448 0.015625 0.072685
0 0.537891 0.440797 0.011719 0.009379
0 0.469141 0.434349 0.021094 0.024619
0 0.557031 0.440211 0.015625 0.057444
0 0.541406 0.393318 0.006250 0.015240
0 0.926953 0.362251 0.008594 0.014068
0 0.616406 0.359906 0.007812 0.011723
0 0.531250 0.352872 0.007812 0.039859
0 0.523828 0.318288 0.010156 0.017585
0 0.409375 0.331770 0.050000 0.058617
0 0.502344 0.279601 0.018750 0.015240
0 0.249219 0.269050 0.026562 0.012896
0 0.419531 0.263775 0.018750 0.011723
0 0.233594 0.239742 0.051562 0.041032
0 0.348438 0.209261 0.017188 0.015240
0 0.429297 0.201641 0.017969 0.021102
0 0.216797 0.195193 0.050781 0.026964
0 0.344531 0.143025 0.012500 0.023447
0 0.029297 0.032825 0.017969 0.014068
0 0.056250 0.019930 0.012500 0.018757