0 0.082692 0.992821 0.026923 0.014359
0 0.396538 0.916923 0.048462 0.049231
0 0.234615 0.913846 0.124615 0.057436
0 0.465769 0.819487 0.010000 0.012308
0 0.478846 0.806154 0.008462 0.016410
0 0.483846 0.788718 0.009231 0.012308
0 0.461923 0.779487 0.013077 0.006154
0 0.425000 0.769231 0.011538 0.012308
0 0.440769 0.769231 0.013846 0.018462
0 0.473846 0.750256 0.012308 0.023590
0 0.203462 0.748205 0.006923 0.019487
0 0.416923 0.740513 0.049231 0.047179
0 0.444231 0.675897 0.016154 0.014359
0 0.123462 0.749744 0.228462 0.184615
0 0.531923 0.652821 0.005385 0.015385
0 0.647308 0.649744 0.014615 0.013333
0 0.397692 0.673333 0.073846 0.099487
0 0.621538 0.685641 0.160000 0.126154
0 0.556154 0.606154 0.007692 0.032821
0 0.455769 0.597949 0.006923 0.016410
0 0.027308 0.611282 0.043846 0.073846
0 0.568462 0.582051 0.007692 0.019487
0 0.342308 0.560513 0.009231 0.015385
0 0.641923 0.584615 0.020769 0.094359
0 0.635385 0.515897 0.012308 0.038974
0 0.633077 0.457949 0.030769 0.035897
0 0.505000 0.631282 0.245385 0.466667
0 0.042308 0.361026 0.023077 0.016410
0 0.574231 0.347692 0.008462 0.014359
0 0.620000 0.345128 0.012308 0.019487
0 0.500385 0.363590 0.043846 0.058462
0 0.546538 0.348718 0.039231 0.036923
0 0.339615 0.330769 0.011538 0.011282
0 0.016538 0.330256 0.022308 0.014359
0 0.400000 0.312308 0.012308 0.009231
0 0.483846 0.305641 0.007692 0.012308
0 0.369231 0.304615 0.007692 0.010256
0 0.650385 0.306154 0.077692 0.050256
0 0.476154 0.289744 0.018462 0.017436
0 0.370769 0.274359 0.015385 0.019487
0 0.625000 0.254359 0.017692 0.016410
0 0.289231 0.246154 0.012308 0.010256
0 0.117692 0.258462 0.030769 0.038974
0 0.446923 0.276923 0.286154 0.108718
0 0.239615 0.217949 0.011538 0.021538
0 0.633462 0.202051 0.011538 0.020513
0 0.146538 0.195897 0.014615 0.032821
0 0.646538 0.226154 0.197692 0.097436
0 0.470385 0.229231 0.222308 0.111795
0 0.193846 0.095897 0.023077 0.027692
0 0.222308 0.073846 0.007692 0.018462