0 0.464444 0.983728 0.040000 0.032544
0 0.550000 0.942308 0.028889 0.097633
0 0.733333 0.872781 0.026667 0.041420
0 0.897778 0.819527 0.031111 0.023669
0 0.006667 0.878698 0.013333 0.142012
0 0.291111 0.745562 0.084444 0.106509
0 0.284444 0.687870 0.044444 0.026627
0 0.393333 0.702663 0.048889 0.103550
0 0.868889 0.637574 0.022222 0.044379
0 0.183333 0.624260 0.042222 0.035503
0 0.354444 0.616864 0.037778 0.032544
0 0.077778 0.609467 0.022222 0.029586
0 0.700000 0.616864 0.035556 0.050296
0 0.804444 0.557692 0.151111 0.156805
0 0.776667 0.403846 0.060000 0.103550
0 0.715556 0.349112 0.044444 0.136095
0 0.098889 0.334320 0.082222 0.142012
0 0.065556 0.270710 0.046667 0.073964
0 0.196667 0.489645 0.237778 0.523669
0 0.422222 0.329882 0.168889 0.316568
0 0.384444 0.134615 0.084444 0.038462
0 0.421111 0.084320 0.024444 0.044379
0 0.262222 0.139053 0.142222 0.177515
0 0.450000 0.076923 0.068889 0.094675